1-1 01010100 00010101 01010101
    0001     1000     0000
1-2 01010100 01000101 01010101
    0001     0100     0000
1-3 01010100 01010001 01010101
    0001     0010     0000
1-4 01010100 01010100 01010101
    0001     0001     0000
2-1 01010001 00010101 01010101
    0010     1000     0000
2-2 01010001 01000101 01010101
2-3 01010001 01010001 01010101
2-4 01010001 01010100 01010101
3-1 01000101 00010101 01010101
4-1 00010101 00010101 01010101


A-1 00010101 00010101 01010111
    1000     1000     0001
AX1 00010101 00010101 01010100
A-2 00010101 01000101 01010111
B-1 01000101 00010101 01010111
B-2 01000101 01000101 01010111